4 2 [[30, 92, 36, 10], [38, 85, 60, 16], [41, 13, 5, 68], [20, 97, 13, 80]]
(0, 0, 0, 0) [(1, 0, 1, 2), (0, 1, 1, 2)]
(0, 1, 1, 2) [(1, 1, 2, 4), (0, 0, 2, 4), (0, 2, 2, 4)]
(1, 0, 1, 2) [(0, 0, 2, 4), (2, 0, 2, 4), (1, 1, 2, 4)]
(1, 1, 2, 4) [(0, 1, 3, 6), (2, 1, 3, 6), (1, 0, 3, 6), (1, 2, 3, 6)]
(2, 0, 2, 4) [(1, 0, 3, 6), (3, 0, 3, 6), (2, 1, 3, 6)]
(0, 0, 2, 4) [(1, 0, 3, 6), (0, 1, 3, 6)]
(0, 2, 2, 4) [(1, 2, 3, 6), (0, 1, 3, 6), (0, 3, 3, 6)]
(0, 0, 2, 4) [(1, 0, 3, 6), (0, 1, 3, 6)]
(1, 1, 2, 4) [(0, 1, 3, 6), (2, 1, 3, 6), (1, 0, 3, 6), (1, 2, 3, 6)]
(1, 2, 3, 19) [(0, 2, 4, 21), (2, 2, 4, 21), (1, 1, 4, 21), (1, 3, 4, 21)]
(1, 0, 3, 98) [(0, 0, 4, 100), (2, 0, 4, 100), (1, 1, 4, 100)]
(2, 1, 3, 66) [(1, 1, 4, 68), (3, 1, 4, 68), (2, 0, 4, 68), (2, 2, 4, 68)]
(0, 1, 3, 44) [(1, 1, 4, 46), (0, 0, 4, 46), (0, 2, 4, 46)]
(0, 1, 3, 44) [(1, 1, 4, 46), (0, 0, 4, 46), (0, 2, 4, 46)]
(1, 0, 3, 98) [(0, 0, 4, 100), (2, 0, 4, 100), (1, 1, 4, 100)]
(0, 3, 3, 26) [(1, 3, 4, 28), (0, 2, 4, 28)]
(0, 1, 3, 44) [(1, 1, 4, 46), (0, 0, 4, 46), (0, 2, 4, 46)]
(1, 2, 3, 19) [(0, 2, 4, 21), (2, 2, 4, 21), (1, 1, 4, 21), (1, 3, 4, 21)]
(0, 1, 3, 44) [(1, 1, 4, 46), (0, 0, 4, 46), (0, 2, 4, 46)]
(1, 0, 3, 98) [(0, 0, 4, 100), (2, 0, 4, 100), (1, 1, 4, 100)]
(2, 1, 3, 66) [(1, 1, 4, 68), (3, 1, 4, 68), (2, 0, 4, 68), (2, 2, 4, 68)]
(3, 0, 3, 16) [(2, 0, 4, 18), (3, 1, 4, 18)]
(1, 0, 3, 98) [(0, 0, 4, 100), (2, 0, 4, 100), (1, 1, 4, 100)]
(1, 2, 3, 19) [(0, 2, 4, 21), (2, 2, 4, 21), (1, 1, 4, 21), (1, 3, 4, 21)]
(1, 0, 3, 98) [(0, 0, 4, 100), (2, 0, 4, 100), (1, 1, 4, 100)]
(2, 1, 3, 66) [(1, 1, 4, 68), (3, 1, 4, 68), (2, 0, 4, 68), (2, 2, 4, 68)]
(0, 1, 3, 44) [(1, 1, 4, 46), (0, 0, 4, 46), (0, 2, 4, 46)]
(3, 1, 4, 18) [(2, 1, 5, 20), (3, 0, 5, 20), (3, 2, 5, 20)]
(2, 0, 4, 18) [(1, 0, 5, 20), (3, 0, 5, 20), (2, 1, 5, 20)]
(2, 1, 5, 20) [(1, 1, 6, 22), (3, 1, 6, 22), (2, 0, 6, 22), (2, 2, 6, 22)]
(3, 0, 5, 20) [(2, 0, 6, 22), (3, 1, 6, 22)]
(1, 0, 5, 20) [(0, 0, 6, 22), (2, 0, 6, 22), (1, 1, 6, 22)]
(3, 2, 5, 20) [(2, 2, 6, 22), (3, 1, 6, 22), (3, 3, 6, 22)]
(3, 0, 5, 20) [(2, 0, 6, 22), (3, 1, 6, 22)]
(2, 1, 5, 20) [(1, 1, 6, 22), (3, 1, 6, 22), (2, 0, 6, 22), (2, 2, 6, 22)]
(1, 3, 4, 21) [(0, 3, 5, 23), (2, 3, 5, 23), (1, 2, 5, 23)]
(1, 1, 4, 21) [(0, 1, 5, 23), (2, 1, 5, 23), (1, 0, 5, 23), (1, 2, 5, 23)]
(2, 2, 4, 21) [(1, 2, 5, 23), (3, 2, 5, 23), (2, 1, 5, 23), (2, 3, 5, 23)]
(0, 2, 4, 21) [(1, 2, 5, 23), (0, 1, 5, 23), (0, 3, 5, 23)]
(1, 3, 4, 21) [(0, 3, 5, 23), (2, 3, 5, 23), (1, 2, 5, 23)]
(1, 1, 4, 21) [(0, 1, 5, 23), (2, 1, 5, 23), (1, 0, 5, 23), (1, 2, 5, 23)]
(2, 2, 4, 21) [(1, 2, 5, 23), (3, 2, 5, 23), (2, 1, 5, 23), (2, 3, 5, 23)]
(0, 2, 4, 21) [(1, 2, 5, 23), (0, 1, 5, 23), (0, 3, 5, 23)]
(1, 3, 4, 21) [(0, 3, 5, 23), (2, 3, 5, 23), (1, 2, 5, 23)]
(1, 1, 4, 21) [(0, 1, 5, 23), (2, 1, 5, 23), (1, 0, 5, 23), (1, 2, 5, 23)]
(2, 2, 4, 21) [(1, 2, 5, 23), (3, 2, 5, 23), (2, 1, 5, 23), (2, 3, 5, 23)]
(0, 2, 4, 21) [(1, 2, 5, 23), (0, 1, 5, 23), (0, 3, 5, 23)]
(2, 2, 6, 27) [(1, 2, 7, 29), (3, 2, 7, 29), (2, 1, 7, 29), (2, 3, 7, 29)]
(2, 0, 6, 58) [(1, 0, 7, 60), (3, 0, 7, 60), (2, 1, 7, 60)]
(3, 1, 6, 38) [(2, 1, 7, 40), (3, 0, 7, 40), (3, 2, 7, 40)]
(1, 1, 6, 107) [(0, 1, 7, 109), (2, 1, 7, 109), (1, 0, 7, 109), (1, 2, 7, 109)]
(3, 1, 6, 38) [(2, 1, 7, 40), (3, 0, 7, 40), (3, 2, 7, 40)]
(2, 0, 6, 58) [(1, 0, 7, 60), (3, 0, 7, 60), (2, 1, 7, 60)]
(3, 3, 6, 102) 102
